{
  "advancedEditorSelectedIdentifier" : "ProjectBrowser",
  "openSceneRelativePaths" : [
    "Assets\/Robot\/animations\/body3\/linker3_wave_anim.usd"
  ],
  "recentIdentifiers" : {
    "19E4B24D-8BF7-47DB-9592-68A4252C5D17" : [

    ],
    "1B07C4A1-6B6D-4056-9C1C-D24025A16B6E" : [

    ],
    "2731BBEB-28E9-47C1-98EB-D968C464AF25" : [

    ],
    "341F083F-CD06-42F3-8336-5C3CED2BCA3D" : [

    ],
    "35B66A6D-BBBA-4D39-A77D-AD048BAFF9D7" : [

    ],
    "39BC9F4D-F098-44BF-82F8-455C59A6B7CF" : [

    ],
    "3A19C3BB-A3BA-422E-8945-1330E36BEB71" : [

    ],
    "3AB6F8DE-2145-4FFA-A4BF-B8C94FB0755C" : [

    ],
    "406357FA-8066-4346-96B9-4BD08AE81732" : [

    ],
    "41D620E3-5D86-44C2-936D-702B0EE42F26" : [

    ],
    "4F1908E4-381C-44BD-87B4-1E549525F6AC" : [

    ],
    "55394BA4-BF49-48D9-AB32-C70B1CEDFB2F" : [

    ],
    "629DE0EB-505A-4802-B972-1C31C5462E49" : [

    ],
    "65CA48A0-1C98-45CE-9DD1-D8CDB3C65D0A" : [

    ],
    "70623E29-0314-446E-9BC9-85901B66DF43" : [

    ],
    "714589BA-EC8F-4726-8D2A-D6B211E80302" : [

    ],
    "7FC103DF-5549-473A-BC82-061690FC34CF" : [

    ],
    "8333067A-DDE9-4AEF-BA65-ACA7E8D28D50" : [

    ],
    "8D4C77C3-D70B-4080-A482-B2E9C5DD491F" : [

    ],
    "96F2C972-5795-4A2C-8CCD-5E4BC7DBEAF5" : [

    ],
    "972BB348-9DDF-42FD-A400-822B50077568" : [

    ],
    "9CAAF6AD-CCA5-46DC-B500-30559CD2CC69" : [

    ],
    "9CCE1500-690C-468B-A53C-8090CE41DAE3" : [

    ],
    "A17B0E62-668E-4F24-B8E6-5B887A5A934C" : [

    ],
    "BA4384B3-3353-4407-8E07-C5696FEFC3AD" : [

    ],
    "C9CA356B-0E72-4BDE-BD0A-E07613D84B38" : [

    ],
    "CAE349EC-942C-4C13-B39E-61EAEB83D36E" : [

    ],
    "D2196A25-3E20-4126-A1D6-2383EC8A2D0E" : [

    ],
    "DCFC3DEF-26A4-4897-AD53-177ABDCE09EE" : [

    ],
    "E8D991CE-F688-455B-A6DE-196BBDB69244" : [

    ],
    "EB87CECB-5FEA-4370-80FC-398D9FEF760B" : [

    ],
    "F206FF4A-9C76-4591-82FB-108CE78D180F" : [

    ]
  },
  "sceneCameraHistory" : {
    "221B0DFB-8328-4E96-BFD3-52D43B480AA1" : [
      {
        "date" : 753749746.964531,
        "title" : "Untitled",
        "transform" : [
          0.9999999,
          -6.104027e-12,
          0.00048410788,
          0,
          4.8139984e-05,
          0.99504364,
          -0.09944061,
          0,
          -0.00048170844,
          0.09944058,
          0.9950435,
          0,
          0.22909148,
          0.74216706,
          2.525125,
          1
        ]
      }
    ],
    "BA4384B3-3353-4407-8E07-C5696FEFC3AD" : [
      {
        "date" : 753742205.392997,
        "title" : "Untitled",
        "transform" : [
          1,
          0,
          -0,
          0,
          -0,
          0.7071069,
          -0.7071067,
          0,
          0,
          0.7071067,
          0.7071069,
          0,
          0.010366678,
          0.13163054,
          0.11505735,
          1
        ]
      }
    ],
    "EBD35965-35D7-47CD-98BF-FBEBE9F073EE" : [
      {
        "date" : 753749808.540741,
        "title" : "Untitled",
        "transform" : [
          0.9998122,
          -2.0159013e-10,
          0.019379796,
          0,
          0.008520704,
          0.8981598,
          -0.43958676,
          0,
          -0.017406154,
          0.43966934,
          0.89799106,
          0,
          -0.040721226,
          1.5745063,
          1.882064,
          1
        ]
      }
    ]
  },
  "sceneViewportBackgroundColors" : {

  },
  "selectedSceneRelativePath" : "Assets\/Robot\/animations\/body3\/linker3_wave_anim.usd"
}